91736245019873456210
28015473962018456397
64501987325410692873
10394857620193847562
75920138475602918364
42659301728465019375
89013456270938461527
53182094716503928461
27465019387562014938
61827394056182739405
34980127563498012756
78234019657823401965
19576028341957602834
86021937458602193745
40753196824075319682
92347015689234701568
15628973401562897340
67051284936705128493
23894715062389471506
50481627395048162739
11111111111111111111
11111111111111111112
11111111111111111113
11111111111111111114
11111111111111111115
11111111111111111116
11111111111111111117
11111111111111111118
11111111111111111119
11111111111111111110
11111111111111111120
11111111111111111130
11111111111111111140
99999999999999999999